Cross-validated accuracy scores: [0.53701826 0.55730223 0.55578093 0.54158215 0.56012177]
Mean accuracy: 0.5503610671161867

Classification report (CV):
              precision    recall  f1-score   support

           a       0.62      0.76      0.69       157
           b       0.41      0.48      0.44        82
           c       0.72      0.77      0.74       143
           d       0.60      0.65      0.62       108
           e       0.56      0.74      0.64       120
           f       0.54      0.65      0.59       102
           g       0.45      0.30      0.36        94
           h       0.52      0.64      0.57       131
           i       0.68      0.69      0.68       127
           j       0.46      0.20      0.28        55
           k       0.40      0.44      0.42       112
           l       0.43      0.48      0.45       109
           m       0.56      0.57      0.56        61
           n       0.56      0.49      0.52        45
           o       0.81      0.76      0.78       124
           p       0.49      0.33      0.40       100
           q       0.54      0.59      0.56        82
           r       0.58      0.41      0.48        96
           s       0.56      0.46      0.51        76
           t       0.48      0.64      0.55        92
           u       0.61      0.57      0.59        92
           v       0.57      0.59      0.58       107
           w       0.61      0.45      0.52        86
           x       0.77      0.69      0.73        64
           y       0.39      0.22      0.28        32
           z       0.70      0.44      0.54        68

    accuracy                           0.57      2465
   macro avg       0.56      0.54      0.54      2465
weighted avg       0.57      0.57      0.56      2465
