Cross-validated accuracy scores: [0.98225152 0.98022312 0.98326572 0.98478702 0.98173516]
Mean accuracy: 0.9824525086368983

Classification report (CV):
              precision    recall  f1-score   support

           a       1.00      0.99      1.00       157
           b       1.00      0.98      0.99        82
           c       0.98      1.00      0.99       143
           d       1.00      0.99      1.00       108
           e       1.00      0.99      1.00       120
           f       1.00      1.00      1.00       102
           g       1.00      0.99      0.99        94
           h       0.94      1.00      0.97       131
           i       0.99      0.98      0.99       127
           j       1.00      1.00      1.00        55
           k       0.99      0.92      0.95       112
           l       0.97      0.99      0.98       109
           m       0.85      0.92      0.88        61
           n       0.89      0.76      0.82        45
           o       0.99      0.99      0.99       124
           p       0.99      1.00      1.00       100
           q       0.98      1.00      0.99        82
           r       0.99      1.00      0.99        96
           s       0.99      1.00      0.99        76
           t       1.00      1.00      1.00        92
           u       1.00      1.00      1.00        92
           v       0.98      1.00      0.99       107
           w       1.00      1.00      1.00        86
           x       1.00      0.98      0.99        64
           y       1.00      0.94      0.97        32
           z       1.00      1.00      1.00        68

    accuracy                           0.98      2465
   macro avg       0.98      0.98      0.98      2465
weighted avg       0.98      0.98      0.98      2465
