Cross-validated accuracy scores: [0.5040568  0.53194726 0.52636917 0.51926978 0.52004059]
Mean accuracy: 0.5203367181124274

Classification report (CV):
              precision    recall  f1-score   support

           a       0.60      0.51      0.55       157
           b       0.41      0.43      0.42        82
           c       0.76      0.68      0.72       143
           d       0.71      0.69      0.70       108
           e       0.48      0.68      0.56       120
           f       0.53      0.75      0.62       102
           g       0.39      0.26      0.31        94
           h       0.57      0.53      0.55       131
           i       0.59      0.50      0.54       127
           j       0.24      0.33      0.28        55
           k       0.53      0.46      0.49       112
           l       0.34      0.32      0.33       109
           m       0.55      0.59      0.57        61
           n       0.46      0.71      0.56        45
           o       0.66      0.60      0.63       124
           p       0.52      0.29      0.37       100
           q       0.41      0.60      0.49        82
           r       0.62      0.46      0.53        96
           s       0.57      0.43      0.49        76
           t       0.26      0.41      0.32        92
           u       0.58      0.49      0.53        92
           v       0.52      0.50      0.51       107
           w       0.45      0.38      0.42        86
           x       0.63      0.70      0.67        64
           y       0.24      0.38      0.30        32
           z       0.57      0.54      0.56        68

    accuracy                           0.51      2465
   macro avg       0.51      0.51      0.50      2465
weighted avg       0.53      0.51      0.51      2465
