Cross-validated accuracy scores: [0.21450304 0.21805274 0.23174442 0.21957404 0.22678843]
Mean accuracy: 0.2221325343237594

Classification report (CV):
              precision    recall  f1-score   support

           a       0.37      0.54      0.44       157
           b       0.00      0.00      0.00        82
           c       0.17      0.42      0.24       143
           d       0.17      0.11      0.13       108
           e       0.32      0.46      0.38       120
           f       0.41      0.43      0.42       102
           g       0.00      0.00      0.00        94
           h       0.15      0.44      0.23       131
           i       0.14      0.17      0.15       127
           j       0.00      0.00      0.00        55
           k       0.18      0.02      0.03       112
           l       0.00      0.00      0.00       109
           m       0.17      0.30      0.22        61
           n       0.25      0.24      0.25        45
           o       0.27      0.60      0.37       124
           p       0.13      0.14      0.13       100
           q       0.00      0.00      0.00        82
           r       0.15      0.08      0.11        96
           s       0.45      0.17      0.25        76
           t       0.10      0.09      0.09        92
           u       0.32      0.10      0.15        92
           v       0.20      0.37      0.26       107
           w       0.45      0.22      0.30        86
           x       0.00      0.00      0.00        64
           y       0.00      0.00      0.00        32
           z       0.00      0.00      0.00        68

    accuracy                           0.22      2465
   macro avg       0.17      0.19      0.16      2465
weighted avg       0.18      0.22      0.18      2465
