Cross-validated accuracy scores: [0.18052738 0.20131846 0.19371197 0.18914807 0.19989853]
Mean accuracy: 0.19292088220371864

Classification report (CV):
              precision    recall  f1-score   support

           a       0.36      0.34      0.35       157
           b       0.07      0.07      0.07        82
           c       0.17      0.17      0.17       143
           d       0.28      0.31      0.30       108
           e       0.37      0.38      0.37       120
           f       0.40      0.40      0.40       102
           g       0.08      0.10      0.09        94
           h       0.20      0.19      0.19       131
           i       0.24      0.23      0.23       127
           j       0.04      0.04      0.04        55
           k       0.14      0.13      0.14       112
           l       0.10      0.08      0.09       109
           m       0.23      0.20      0.21        61
           n       0.33      0.40      0.36        45
           o       0.36      0.36      0.36       124
           p       0.09      0.08      0.08       100
           q       0.06      0.06      0.06        82
           r       0.23      0.26      0.24        96
           s       0.32      0.32      0.32        76
           t       0.11      0.12      0.11        92
           u       0.10      0.10      0.10        92
           v       0.25      0.27      0.26       107
           w       0.24      0.22      0.23        86
           x       0.04      0.05      0.05        64
           y       0.00      0.00      0.00        32
           z       0.09      0.07      0.08        68

    accuracy                           0.20      2465
   macro avg       0.19      0.19      0.19      2465
weighted avg       0.20      0.20      0.20      2465
