Cross-validated accuracy scores: [0.51419878 0.55780933 0.53803245 0.53498986 0.536276  ]
Mean accuracy: 0.5362612855985831

Classification report (CV):
              precision    recall  f1-score   support

           a       0.69      0.51      0.59       157
           b       0.40      0.46      0.43        82
           c       0.77      0.70      0.73       143
           d       0.70      0.68      0.69       108
           e       0.49      0.63      0.55       120
           f       0.54      0.75      0.63       102
           g       0.51      0.30      0.38        94
           h       0.55      0.56      0.55       131
           i       0.62      0.50      0.55       127
           j       0.25      0.35      0.29        55
           k       0.50      0.46      0.48       112
           l       0.44      0.37      0.40       109
           m       0.58      0.61      0.59        61
           n       0.44      0.69      0.53        45
           o       0.72      0.69      0.70       124
           p       0.54      0.36      0.43       100
           q       0.47      0.54      0.50        82
           r       0.67      0.49      0.57        96
           s       0.56      0.45      0.50        76
           t       0.30      0.53      0.38        92
           u       0.57      0.50      0.53        92
           v       0.56      0.57      0.57       107
           w       0.52      0.51      0.52        86
           x       0.66      0.66      0.66        64
           y       0.30      0.50      0.37        32
           z       0.54      0.54      0.54        68

    accuracy                           0.54      2465
   macro avg       0.53      0.53      0.53      2465
weighted avg       0.56      0.54      0.54      2465
