Cross-validated accuracy scores: [0.23073022 0.23884381 0.2494929  0.23478702 0.23693557]
Mean accuracy: 0.23815790421558852

Classification report (CV):
              precision    recall  f1-score   support

           a       0.53      0.44      0.48       157
           b       0.11      0.10      0.11        82
           c       0.24      0.19      0.21       143
           d       0.36      0.15      0.21       108
           e       0.33      0.42      0.37       120
           f       0.49      0.51      0.50       102
           g       0.24      0.06      0.10        94
           h       0.20      0.26      0.22       131
           i       0.23      0.12      0.16       127
           j       0.06      0.07      0.07        55
           k       0.14      0.07      0.10       112
           l       0.19      0.05      0.07       109
           m       0.20      0.43      0.27        61
           n       0.21      0.51      0.30        45
           o       0.35      0.56      0.43       124
           p       0.10      0.09      0.09       100
           q       0.08      0.11      0.10        82
           r       0.24      0.19      0.21        96
           s       0.35      0.36      0.35        76
           t       0.20      0.22      0.21        92
           u       0.21      0.23      0.22        92
           v       0.20      0.42      0.27       107
           w       0.43      0.33      0.37        86
           x       0.16      0.12      0.14        64
           y       0.08      0.12      0.10        32
           z       0.10      0.10      0.10        68

    accuracy                           0.25      2465
   macro avg       0.23      0.24      0.22      2465
weighted avg       0.25      0.25      0.24      2465
