Cross-validated accuracy scores: [0.48073022 0.49036511 0.48782961 0.47870183 0.47387113]
Mean accuracy: 0.48229958125064964

Classification report (CV):
              precision    recall  f1-score   support

           a       0.55      0.62      0.59       157
           b       0.36      0.33      0.34        82
           c       0.68      0.70      0.69       143
           d       0.51      0.35      0.42       108
           e       0.58      0.67      0.62       120
           f       0.49      0.53      0.51       102
           g       0.28      0.22      0.25        94
           h       0.40      0.46      0.43       131
           i       0.69      0.67      0.68       127
           j       0.27      0.33      0.30        55
           k       0.29      0.31      0.30       112
           l       0.31      0.31      0.31       109
           m       0.58      0.54      0.56        61
           n       0.61      0.76      0.67        45
           o       0.73      0.76      0.74       124
           p       0.39      0.29      0.33       100
           q       0.35      0.35      0.35        82
           r       0.60      0.49      0.54        96
           s       0.57      0.55      0.56        76
           t       0.39      0.51      0.45        92
           u       0.44      0.47      0.46        92
           v       0.55      0.62      0.58       107
           w       0.53      0.47      0.49        86
           x       0.76      0.61      0.68        64
           y       0.41      0.28      0.33        32
           z       0.40      0.35      0.38        68

    accuracy                           0.50      2465
   macro avg       0.49      0.48      0.48      2465
weighted avg       0.50      0.50      0.49      2465
