Cross-validated accuracy scores: [0.52434077 0.55020284 0.54158215 0.54563895 0.54439371]
Mean accuracy: 0.5412316829319247

Classification report (CV):
              precision    recall  f1-score   support

           a       0.53      0.71      0.61       157
           b       0.38      0.48      0.42        82
           c       0.74      0.76      0.75       143
           d       0.66      0.72      0.69       108
           e       0.49      0.74      0.59       120
           f       0.55      0.72      0.62       102
           g       0.53      0.28      0.36        94
           h       0.54      0.67      0.60       131
           i       0.56      0.58      0.57       127
           j       0.44      0.22      0.29        55
           k       0.50      0.49      0.49       112
           l       0.46      0.42      0.44       109
           m       0.56      0.59      0.58        61
           n       0.54      0.49      0.51        45
           o       0.75      0.66      0.70       124
           p       0.56      0.29      0.38       100
           q       0.48      0.56      0.52        82
           r       0.57      0.40      0.47        96
           s       0.56      0.50      0.53        76
           t       0.30      0.46      0.37        92
           u       0.64      0.53      0.58        92
           v       0.55      0.57      0.56       107
           w       0.45      0.29      0.35        86
           x       0.79      0.66      0.72        64
           y       0.44      0.22      0.29        32
           z       0.70      0.46      0.55        68

    accuracy                           0.55      2465
   macro avg       0.55      0.52      0.52      2465
weighted avg       0.56      0.55      0.54      2465
