Cross-validated accuracy scores: [0.93052738 0.93559838 0.93610548 0.93154158 0.93708777]
Mean accuracy: 0.9341721184353655

Classification report (CV):
              precision    recall  f1-score   support

           a       1.00      0.97      0.99       157
           b       0.84      0.94      0.89        82
           c       0.92      0.99      0.95       143
           d       0.93      0.99      0.96       108
           e       0.94      0.91      0.92       120
           f       0.96      0.97      0.97       102
           g       0.96      0.90      0.93        94
           h       0.86      0.91      0.88       131
           i       0.92      0.77      0.84       127
           j       0.95      0.95      0.95        55
           k       0.96      0.83      0.89       112
           l       0.92      0.88      0.90       109
           m       0.90      0.75      0.82        61
           n       0.82      0.82      0.82        45
           o       0.98      0.98      0.98       124
           p       0.97      1.00      0.99       100
           q       0.93      0.95      0.94        82
           r       0.85      0.98      0.91        96
           s       0.95      0.95      0.95        76
           t       0.95      0.93      0.94        92
           u       0.90      1.00      0.95        92
           v       0.93      1.00      0.96       107
           w       0.98      0.99      0.98        86
           x       0.98      0.92      0.95        64
           y       0.90      0.81      0.85        32
           z       0.97      0.96      0.96        68

    accuracy                           0.93      2465
   macro avg       0.93      0.93      0.93      2465
weighted avg       0.93      0.93      0.93      2465
