Cross-validated accuracy scores: [0.47464503 0.5040568  0.48529412 0.48326572 0.50126839]
Mean accuracy: 0.489706010993071

Classification report (CV):
              precision    recall  f1-score   support

           a       0.54      0.59      0.57       157
           b       0.34      0.32      0.33        82
           c       0.76      0.72      0.74       143
           d       0.66      0.56      0.60       108
           e       0.49      0.60      0.54       120
           f       0.46      0.49      0.47       102
           g       0.39      0.29      0.33        94
           h       0.50      0.57      0.54       131
           i       0.62      0.62      0.62       127
           j       0.28      0.24      0.25        55
           k       0.40      0.38      0.39       112
           l       0.34      0.39      0.36       109
           m       0.56      0.56      0.56        61
           n       0.52      0.53      0.53        45
           o       0.62      0.60      0.61       124
           p       0.30      0.23      0.26       100
           q       0.37      0.39      0.38        82
           r       0.46      0.45      0.46        96
           s       0.43      0.43      0.43        76
           t       0.29      0.36      0.32        92
           u       0.55      0.46      0.50        92
           v       0.54      0.62      0.57       107
           w       0.36      0.38      0.37        86
           x       0.82      0.66      0.73        64
           y       0.32      0.28      0.30        32
           z       0.54      0.53      0.53        68

    accuracy                           0.49      2465
   macro avg       0.48      0.47      0.47      2465
weighted avg       0.49      0.49      0.49      2465
