Cross-validated accuracy scores: [0.97768763 0.97667343 0.98326572 0.98377282 0.97919838]
Mean accuracy: 0.9801195941558275

Classification report (CV):
              precision    recall  f1-score   support

           a       0.99      1.00      1.00       157
           b       1.00      1.00      1.00        82
           c       0.99      1.00      1.00       143
           d       1.00      0.99      1.00       108
           e       0.99      1.00      1.00       120
           f       1.00      1.00      1.00       102
           g       0.99      0.98      0.98        94
           h       0.97      0.98      0.97       131
           i       0.97      0.98      0.98       127
           j       0.96      1.00      0.98        55
           k       0.98      0.92      0.95       112
           l       0.96      1.00      0.98       109
           m       0.91      0.95      0.93        61
           n       0.95      0.87      0.91        45
           o       1.00      0.99      1.00       124
           p       1.00      1.00      1.00       100
           q       1.00      0.99      0.99        82
           r       0.99      1.00      0.99        96
           s       0.99      1.00      0.99        76
           t       1.00      0.96      0.98        92
           u       1.00      1.00      1.00        92
           v       0.98      1.00      0.99       107
           w       0.99      1.00      0.99        86
           x       1.00      1.00      1.00        64
           y       1.00      0.94      0.97        32
           z       1.00      1.00      1.00        68

    accuracy                           0.99      2465
   macro avg       0.99      0.98      0.98      2465
weighted avg       0.99      0.99      0.99      2465
